20.000 0.191
20.500 5.547
21.000 13.981
21.500 14.879
22.000 18.686
22.500 7.753
23.000 3.635
23.500 13.624
24.000 14.961
24.500 16.362
25.000 11.441
25.500 20.520
26.000 18.854
26.500 26.107
27.000 24.994
27.500 26.754
28.000 21.173
28.500 20.964
29.000 26.979
29.500 30.907
30.000 38.015
30.500 22.295
31.000 32.344
31.500 32.009
32.000 33.160
32.500 34.916
33.000 35.295
33.500 42.426
34.000 42.306
34.500 41.873
35.000 44.333
35.500 49.448
36.000 47.484
36.500 51.456
37.000 56.523
37.500 51.288
38.000 61.564
38.500 66.416
39.000 62.944
39.500 63.652
40.000 65.039
40.500 50.269
41.000 66.738
41.500 76.310
42.000 72.445
42.500 75.947
43.000 72.506
43.500 71.879
44.000 78.246
44.500 85.492
45.000 76.890
45.500 75.409
46.000 80.190
46.500 81.235
47.000 79.808
47.500 89.225
48.000 72.724
48.500 86.166
49.000 85.955
49.500 90.609
50.000 91.322
50.500 90.511
51.000 89.007
51.500 103.916
52.000 95.225
52.500 89.062
53.000 99.218
53.500 90.286
54.000 98.447
54.500 104.657
55.000 104.273
